# Created by Octave 4.0.0, Thu Mar 17 13:23:26 2016 Hora oficial do Brasil <unknown@ASUS>
# name: C
# type: matrix
# rows: 3
# columns: 4
 0.9432559185091483 0.6186052854174195 0.6174301117827331 0.2083416681955703
 0.6186052854174195 1.391150608763435 0.6271788020167313 0.9007604484928358
 0.6174301117827331 0.6271788020167313 0.4543085242280391 0.1546045855344441


