# Created by Octave 4.0.0, Thu Mar 17 13:24:32 2016 Hora oficial do Brasil <unknown@ASUS>
# name: C
# type: matrix
# rows: 30
# columns: 31
 13.60693108230258 10.70112255221728 8.101222866769172 8.345817056608601 9.089646422027309 7.832390633299731 10.25623339040218 10.06677918087954 8.078148933422948 7.553811280494642 8.453399820919712 6.87731615524252 8.084338647954096 9.017587367423038 9.967257031599397 7.917666804353219 8.384015366652646 8.754187478994993 9.080734904452273 9.02685062757436 8.423778162405162 8.971346274074852 8.492447402003663 9.179667303954007 10.17075600253083 7.746495161010717 10.1882654966536 11.56595316847543 7.886965032391653 9.347385614214486 0.983682386783591
 10.70112255221728 11.10725984537575 6.752445779090238 7.76902691173251 7.39926114811563 7.485758925032774 8.31182107698011 9.76598151101401 7.230492123000683 6.242324421557373 8.036222065006246 6.042491740234062 7.813536181914901 8.579723932543459 8.389587127497176 6.926086107461299 7.547281042085561 7.309854066231038 7.936032636934137 7.61860276160775 6.648347582253741 6.944988905243298 7.483745389965683 7.798736239565385 9.12305557843831 6.942696571064925 8.915257047028048 10.14790754049511 6.957527557944216 7.90027987911778 0.07157869899896034
 8.101222866769172 6.752445779090238 8.606632238605009 6.343869142826715 6.154298850059913 6.2659411247254 7.187181558655816 7.414404767935316 5.792964084715352 5.513769678899699 6.21087577990542 6.888942041802246 5.981915287437983 7.4166719993138 7.088263953871137 6.928499500136079 6.136397807778025 7.245169849365857 6.516202036936575 7.558260867449976 6.821059383617925 7.40979998680059 6.998916268342973 6.96120992123309 7.298643459875624 6.506520599361672 7.824658328326438 9.409847862224028 6.887737655992241 7.295506404471851 0.7395483808489418
 8.345817056608601 7.76902691173251 6.343869142826715 9.042041970751367 6.42934055911261 6.327051940715117 7.485065863202129 7.617310165184447 6.800375886228954 6.265555189699033 6.940465106532026 5.687223278261453 6.861980662273623 7.059294625877035 7.628851909008008 6.57986175000636 6.459940702356973 7.286874200984855 7.321810664983234 7.013276537998195 6.793122681201529 6.557268853521294 7.321587796116735 6.442394171520081 8.198989901866215 6.100345341558823 7.952074573724778 9.904059625543638 7.258733257163826 7.91607325695221 0.5899323878137935
 9.089646422027309 7.39926114811563 6.154298850059913 6.42934055911261 8.190367040944086 5.053550611436076 7.681257864917353 6.829295205392468 6.306867225227159 6.695694385767636 6.646288351165391 5.563431226739659 5.840345786639032 6.416290999075074 7.229771537161738 6.84766064379804 7.053680559012885 6.600503245185123 7.142140349143753 7.069733613548102 6.075460499434823 6.753587822562023 6.072876166493885 6.088645370274897 7.89930508535981 5.879185658218237 7.566642452855142 9.043194010034258 6.052071764673498 7.116359973894876 0.956114312257041
 7.832390633299731 7.485758925032774 6.2659411247254 6.327051940715117 5.053550611436076 9.609136819779941 7.664180261320604 8.027482480345411 7.045790427821801 6.542998941733869 6.895154169330397 6.28002094389196 6.182368339762807 7.179570152213601 7.388934174495067 6.438193148711003 6.220295711671032 7.325836628471191 6.346942257485527 6.676078929899583 6.388835660656022 6.160767745866682 6.729840940145727 6.90198048944671 7.04291194260463 6.623331991675443 7.021782275663426 9.28362289690963 7.879370894749597 6.9858777652047 0.7635889892561593
 10.25623339040218 8.31182107698011 7.187181558655816 7.485065863202129 7.681257864917353 7.664180261320604 11.49188892102773 8.539560086832925 7.871088242522931 7.947646755043521 8.557560256765333 6.756494631437854 7.271872761939671 8.307656697679741 9.327429391974379 7.745370209983017 8.067866422996833 8.653297714731039 8.384343759641922 8.471526331377198 8.33798380004216 7.897953359767168 8.139656120524565 6.542007153013205 9.477543878895208 6.533908754856349 9.635628996474253 11.14192446782239 7.784626136318773 7.412135252141269 0.5849423399077673
 10.06677918087954 9.76598151101401 7.414404767935316 7.617310165184447 6.829295205392468 8.027482480345411 8.539560086832925 10.9596110833603 7.00648223663213 6.440412411482488 7.498383857327093 6.431804001140951 7.172855294590694 8.491749800995866 8.194807758299614 7.387744514112881 7.558082018223336 7.915492530270505 6.85264686044288 8.05421289257929 6.689394823918191 7.035986870509481 7.863929290817009 7.71611383959216 8.054062324311589 6.350465617688384 9.140672906406227 9.882391494872326 7.11260444685227 8.262848891563991 0.2583236254247336
 8.078148933422948 7.230492123000683 5.792964084715352 6.800375886228954 6.306867225227159 7.045790427821801 7.871088242522931 7.00648223663213 8.993393029000893 7.047657252764694 7.829880835467552 6.062469614369649 6.178504167250988 7.130268973602214 7.902698610545579 6.38232852548385 6.837426921390605 7.460608673476048 7.248647024368394 6.674808370710665 6.844059024333047 5.950362870911233 6.911835366739969 6.570814780375506 8.233410885778461 5.921017742610469 7.484667871985589 8.929748611207927 7.592793537115508 6.96018887389276 0.5321061412900326
 7.553811280494642 6.242324421557373 5.513769678899699 6.265555189699033 6.695694385767636 6.542998941733869 7.947646755043521 6.440412411482488 7.047657252764694 8.4102053822232 6.649682001707687 5.44168906018378 5.738753686876236 6.06474478015506 7.206357092821278 7.035471098902305 6.807166941749187 6.696615551467906 6.585851037351588 6.582274724598638 6.1228098030056 6.081650215440069 6.688939121653314 6.222250231747699 7.737635453749118 5.747934075105014 7.895422798520309 8.984049769768536 7.337664299366473 7.33149190266168 0.03408988435314601
 8.453399820919712 8.036222065006246 6.21087577990542 6.940465106532026 6.646288351165391 6.895154169330397 8.557560256765333 7.498383857327093 7.829880835467552 6.649682001707687 9.93739885502392 5.854516192584903 6.356425289174131 6.980733028941057 8.100178574461712 6.567262098478508 7.545007547458688 7.423444089367782 7.852932110834716 6.357166625079874 7.01272454754877 6.175334057108435 7.085338934604148 6.349427216507351 9.01504444454112 6.434495154944083 7.238679325913004 9.592314365503636 7.095047553168886 7.447987304592477 0.8021946186219513
 6.87731615524252 6.042491740234062 6.888942041802246 5.687223278261453 5.563431226739659 6.28002094389196 6.756494631437854 6.431804001140951 6.062469614369649 5.44168906018378 5.854516192584903 8.330990202763703 5.732971813491831 6.840644026510242 6.326990106942725 6.474200164100131 5.690718897952226 7.00435639987069 5.637929741288394 7.425822744089698 6.602583279359396 6.8603364368646 6.359138526752994 5.952086283814011 7.355455588595748 6.217300511622172 7.859425418909235 8.698826464168203 6.29647395523479 6.741126696490969 0.6772432403969975
 8.084338647954096 7.813536181914901 5.981915287437983 6.861980662273623 5.840345786639032 6.182368339762807 7.271872761939671 7.172855294590694 6.178504167250988 5.738753686876236 6.356425289174131 5.732971813491831 8.084148804494847 6.531984749496922 7.516283695340277 6.214032209065143 5.952377966339048 6.954112996906954 6.752123622284887 6.471348723497272 6.864911048771785 5.405869971420397 5.736924369626504 6.236589324148743 7.432067417197581 5.90337552943932 7.669810185562095 8.988863481145161 6.410710230624578 6.600085489854068 0.888260944610585
 9.017587367423038 8.579723932543459 7.4166719993138 7.059294625877035 6.416290999075074 7.179570152213601 8.307656697679741 8.491749800995866 7.130268973602214 6.06474478015506 6.980733028941057 6.840644026510242 6.531984749496922 9.254769444184083 7.397179779019086 6.890986743330114 6.936769302078817 7.436658292164983 6.959459784876286 7.305755301714874 6.671566926629412 7.28695161757387 7.651403654323353 7.200689018589057 8.184856051979779 6.281254002726815 8.845994766228845 10.01322654389076 6.970477587581581 7.318701284435187 0.8405284962180096
 9.967257031599397 8.389587127497176 7.088263953871137 7.628851909008008 7.229771537161738 7.388934174495067 9.327429391974379 8.194807758299614 7.902698610545579 7.206357092821278 8.100178574461712 6.326990106942725 7.516283695340277 7.397179779019086 10.7758217894446 6.485531883088982 7.721034637143023 7.955071721778022 9.157422009215185 7.842703007184851 7.939807735019206 7.569329972465338 7.02701391144619 7.232063894401366 9.116652370367229 6.902452854463267 8.688960461922891 10.12426301676962 8.316794014439468 7.530634476360361 0.3628659168863813
 7.917666804353219 6.926086107461299 6.928499500136079 6.57986175000636 6.84766064379804 6.438193148711003 7.745370209983017 7.387744514112881 6.38232852548385 7.035471098902305 6.567262098478508 6.474200164100131 6.214032209065143 6.890986743330114 6.485531883088982 9.06075137504614 7.446139475242703 7.780426684100505 6.427789708111195 7.619100914467097 6.727379500462506 6.340266826791328 7.697116554823901 6.37099553533464 7.691029805606732 6.024054481757978 7.448259555405435 9.338461327812526 6.890518457770717 7.385580421800833 0.6692261709862419
 8.384015366652646 7.547281042085561 6.136397807778025 6.459940702356973 7.053680559012885 6.220295711671032 8.067866422996833 7.558082018223336 6.837426921390605 6.807166941749187 7.545007547458688 5.690718897952226 5.952377966339048 6.936769302078817 7.721034637143023 7.446139475242703 8.953368738390791 7.592995196624446 7.720296620354109 6.902133517505436 6.791029862377853 7.016315824091443 7.552226093964307 5.973733446212335 8.139246855831276 6.005304607442104 7.379215416655377 9.526211009028607 7.033153039336343 7.733720799721514 0.8639040020421846
 8.754187478994993 7.309854066231038 7.245169849365857 7.286874200984855 6.600503245185123 7.325836628471191 8.653297714731039 7.915492530270505 7.460608673476048 6.696615551467906 7.423444089367782 7.00435639987069 6.954112996906954 7.436658292164983 7.955071721778022 7.780426684100505 7.592995196624446 9.689312195388768 7.322397987309095 7.568596487234456 8.646212818914009 7.548425844023487 8.249552384915248 7.418802928066106 8.372198882019886 6.653269168526797 7.717587077982961 9.385298854148505 7.156528553354064 7.562860752422257 0.420253123033654
 9.080734904452273 7.936032636934137 6.516202036936575 7.321810664983234 7.142140349143753 6.346942257485527 8.384343759641922 6.85264686044288 7.248647024368394 6.585851037351588 7.852932110834716 5.637929741288394 6.752123622284887 6.959459784876286 9.157422009215185 6.427789708111195 7.720296620354109 7.322397987309095 9.687742533987059 7.234412796294611 6.773968748511141 7.297630197519371 7.153155997642495 6.501891967450765 9.032471753785526 6.92867701709654 7.572726932076723 10.01049780668601 7.366936751429501 7.419899369674793 0.7707194991828523
 9.02685062757436 7.61860276160775 7.558260867449976 7.013276537998195 7.069733613548102 6.676078929899583 8.471526331377198 8.05421289257929 6.674808370710665 6.582274724598638 6.357166625079874 7.425822744089698 6.471348723497272 7.305755301714874 7.842703007184851 7.619100914467097 6.902133517505436 7.568596487234456 7.234412796294611 9.848839999118647 7.121788111761144 7.374380741735542 7.725103258658969 6.857562926442865 8.678073203518204 6.292681464832167 8.369620916479967 10.44187391109658 6.760424033147056 7.895122264311899 0.2358814896155123
 8.423778162405162 6.648347582253741 6.821059383617925 6.793122681201529 6.075460499434823 6.388835660656022 8.33798380004216 6.689394823918191 6.844059024333047 6.1228098030056 7.01272454754877 6.602583279359396 6.864911048771785 6.671566926629412 7.939807735019206 6.727379500462506 6.791029862377853 8.646212818914009 6.773968748511141 7.121788111761144 9.251615377745955 7.105562063507218 7.359096232017259 6.720002340241387 7.969543865989007 6.199215521893883 7.346214477962396 9.228127168746948 7.056083666129359 6.91556428977735 0.5862966387584341
 8.971346274074852 6.944988905243298 7.40979998680059 6.557268853521294 6.753587822562023 6.160767745866682 7.897953359767168 7.035986870509481 5.950362870911233 6.081650215440069 6.175334057108435 6.8603364368646 5.405869971420397 7.28695161757387 7.569329972465338 6.340266826791328 7.016315824091443 7.548425844023487 7.297630197519371 7.374380741735542 7.105562063507218 9.523818512687049 7.742580512386231 7.050410123738249 7.550703098096297 6.653984753375036 8.309698793681362 9.35878125511768 6.913748567890503 7.370725133581873 0.2232014842639181
 8.492447402003663 7.483745389965683 6.998916268342973 7.321587796116735 6.072876166493885 6.729840940145727 8.139656120524565 7.863929290817009 6.911835366739969 6.688939121653314 7.085338934604148 6.359138526752994 5.736924369626504 7.651403654323353 7.02701391144619 7.697116554823901 7.552226093964307 8.249552384915248 7.153155997642495 7.725103258658969 7.359096232017259 7.742580512386231 9.70474043810394 7.32137110564703 8.660614474001145 5.735608315695622 7.674996691821517 9.431444073688169 6.996109489235727 7.939502859867879 0.126828795263718
 9.179667303954007 7.798736239565385 6.96120992123309 6.442394171520081 6.088645370274897 6.90198048944671 6.542007153013205 7.71611383959216 6.570814780375506 6.222250231747699 6.349427216507351 5.952086283814011 6.236589324148743 7.200689018589057 7.232063894401366 6.37099553533464 5.973733446212335 7.418802928066106 6.501891967450765 6.857562926442865 6.720002340241387 7.050410123738249 7.32137110564703 9.232020366962477 7.764709161821665 6.154042736307043 7.426181241364386 8.502263954758822 6.561562493525074 7.695827664491491 0.3781279114461841
 10.17075600253083 9.12305557843831 7.298643459875624 8.198989901866215 7.89930508535981 7.04291194260463 9.477543878895208 8.054062324311589 8.233410885778461 7.737635453749118 9.01504444454112 7.355455588595748 7.432067417197581 8.184856051979779 9.116652370367229 7.691029805606732 8.139246855831276 8.372198882019886 9.032471753785526 8.678073203518204 7.969543865989007 7.550703098096297 8.660614474001145 7.764709161821665 12.18506870088394 7.252885476871899 9.381378549549227 11.34261168176411 7.768260625234169 8.984198147993627 0.1847279836362536
 7.746495161010717 6.942696571064925 6.506520599361672 6.100345341558823 5.879185658218237 6.623331991675443 6.533908754856349 6.350465617688384 5.921017742610469 5.747934075105014 6.434495154944083 6.217300511622172 5.90337552943932 6.281254002726815 6.902452854463267 6.024054481757978 6.005304607442104 6.653269168526797 6.92867701709654 6.292681464832167 6.199215521893883 6.653984753375036 5.735608315695622 6.154042736307043 7.252885476871899 8.061680727451336 7.163865634591467 8.651649187246646 6.849261192511982 7.485057711294539 0.8430255881196841
 10.1882654966536 8.915257047028048 7.824658328326438 7.952074573724778 7.566642452855142 7.021782275663426 9.635628996474253 9.140672906406227 7.484667871985589 7.895422798520309 7.238679325913004 7.859425418909235 7.669810185562095 8.845994766228845 8.688960461922891 7.448259555405435 7.379215416655377 7.717587077982961 7.572726932076723 8.369620916479967 7.346214477962396 8.309698793681362 7.674996691821517 7.426181241364386 9.381378549549227 7.163865634591467 12.11798010312433 11.35582734811139 7.974050938815143 8.573923977128722 0.4153550497255526
 11.56595316847543 10.14790754049511 9.409847862224028 9.904059625543638 9.043194010034258 9.28362289690963 11.14192446782239 9.882391494872326 8.929748611207927 8.984049769768536 9.592314365503636 8.698826464168203 8.988863481145161 10.01322654389076 10.12426301676962 9.338461327812526 9.526211009028607 9.385298854148505 10.01049780668601 10.44187391109658 9.228127168746948 9.35878125511768 9.431444073688169 8.502263954758822 11.34261168176411 8.651649187246646 11.35582734811139 15.13583238625066 9.743759067071755 10.79005138880181 0.6318894803137169
 7.886965032391653 6.957527557944216 6.887737655992241 7.258733257163826 6.052071764673498 7.879370894749597 7.784626136318773 7.11260444685227 7.592793537115508 7.337664299366473 7.095047553168886 6.29647395523479 6.410710230624578 6.970477587581581 8.316794014439468 6.890518457770717 7.033153039336343 7.156528553354064 7.366936751429501 6.760424033147056 7.056083666129359 6.913748567890503 6.996109489235727 6.561562493525074 7.768260625234169 6.849261192511982 7.974050938815143 9.743759067071755 9.676724741162577 7.546190151948517 0.1502100588266833
 9.347385614214486 7.90027987911778 7.295506404471851 7.91607325695221 7.116359973894876 6.9858777652047 7.412135252141269 8.262848891563991 6.96018887389276 7.33149190266168 7.447987304592477 6.741126696490969 6.600085489854068 7.318701284435187 7.530634476360361 7.385580421800833 7.733720799721514 7.562860752422257 7.419899369674793 7.895122264311899 6.91556428977735 7.370725133581873 7.939502859867879 7.695827664491491 8.984198147993627 7.485057711294539 8.573923977128722 10.79005138880181 7.546190151948517 10.20290442558431 0.2639781843444545


