# Created by Octave 4.0.0, Thu Mar 03 13:49:53 2016 Hora oficial do Brasil <unknown@ASUS>
# name: A
# type: matrix
# rows: 30
# columns: 30
 0.07597723424987517 0.1464962527186688 0.3307009814688173 0.1992318180225927 0.9493301327029079 0.5310722720829617 0.4465665714021922 0.1383765764748533 0.6938410617964725 0.7783567045738921 0.5492577662704924 0.1483152645424957 0.4270386104138688 0.5986399396409657 0.7707751109153382 0.06574606432825573 0.6418050429696296 0.447190259495755 0.02868608827023771 0.2688066978377566 0.9363139110421673 0.8054675021064611 0.172742992042447 0.8881317303513673 0.7181365532309079 0.6063039073596993 0.1912172905612833 0.286079712820053 0.6391220079033942 0.9583003965733716
 0.9767213948343603 0.5265253748855006 0.8453382762742604 0.2889515072967357 0.4438423370877612 0.08521530295281558 0.2319583501192612 0.2913006024749389 0.7372057088067712 0.6982344890065958 0.5420977136736046 0.0458902379292561 0.05390868328686853 0.6164189781565194 0.9530088725948977 0.8918195108471884 0.69681518486032 0.4956312860374756 0.104417059497025 0.6907934757079545 0.9363108609425879 0.6179918974767545 0.4785516283915585 0.861938716003129 0.7033092001985488 0.5998729771694675 0.3865197102122882 0.9437342924349159 0.4314850637389591 0.3665290912423673
 0.7493852998297794 0.3387872339021662 0.7133441591761289 0.8791421479831334 0.2786851108318549 0.04480692018375447 0.934463927409926 0.4688057444999823 0.047134081168053 0.06058846371492203 0.9779004253801501 0.006709176516672732 0.0837345168191244 0.4242501598354803 0.7807260518189413 0.2611441774103945 0.4506614078353927 0.5340984796183722 0.7156304289435136 0.8368566046354369 0.6495428349786444 0.2440409879292471 0.9397895116611212 0.7899941383265212 0.8009313627456981 0.4628206737487444 0.1194418584577287 0.457614600099952 0.9440662284688932 0.08778480414530558
 0.148632531366456 0.3482577315203612 0.7823755236866247 0.9631871927101968 0.5522528607814396 0.4030944175267425 0.1120117230625807 0.6741779339761176 0.49951933020434 0.5954746928523508 0.6268357997920594 0.8934295249364762 0.1104256667874658 0.7018557952039809 0.7933185266452938 0.1120692056483605 0.2171620277342828 0.8874182266293994 0.6916969237410685 0.6065978058220186 0.3346874058691697 0.6360068458523633 0.5500304677856894 0.06711871124025907 0.007197440192863102 0.03566360352002766 0.1387542478018181 0.3764731412931688 0.5866441019859525 0.4406948227200115
 0.6269741862164389 0.9284232021996927 0.419023469590256 0.2961890402607294 0.7172477237062047 0.7047187812795489 0.7077213746187223 0.08800716846379246 0.2460924563092642 0.5118123539655909 0.2334689720696793 0.2387481796980988 0.7322354056757214 0.04822867150181569 0.6688114625256146 0.1493863713133487 0.0842349139239698 0.852938765508349 0.7283935591924978 0.7366497479642143 0.01764086977096118 0.7627910758056149 0.1297424567738671 0.04702827145867665 0.8555161355206189 0.08606752336386662 0.3138670032165162 0.5895139155114525 0.7593456226842122 0.910038385883557
 0.0404144125487849 0.4214954148452866 0.346667758936866 0.8492902720636112 0.8864346261226557 0.4378088206912208 0.7961319132126713 0.7635051071434809 0.6406766560805622 0.9176770492584142 0.8141532360633882 0.5812333470290129 0.4786932426054402 0.8840794517731974 0.9055568902630576 0.5462403286656771 0.3954451625850799 0.7904400610282701 0.9285426376368336 0.8514686861310788 0.0330023866725561 0.03747856355845407 0.06004137166092598 0.8702148773194718 0.2800739152792885 0.1467787367578682 0.3362178093717099 0.4536698091226047 0.8997873925482645 0.9893335547436327
 0.9963202760256046 0.934741290847063 0.2109721378955885 0.9657075446279706 0.1773139534085696 0.4211970365241441 0.7368272281127664 0.1818030733620994 0.09507528743941644 0.7959889698419828 0.0502733316291241 0.836600503898337 0.3298743366597007 0.1769390904419879 0.7094341615541664 0.7564951206386886 0.7745458087461904 0.847443789765034 0.6977723574214517 0.9705835225680217 0.1803143473040033 0.5415945583172522 0.2109668974092242 0.5773724854286734 0.6451314947889988 0.9242765583552293 0.7893545440302053 0.1960142979505182 0.4888886565467171 0.2996536415479692
 0.8396679059208153 0.9951532341098179 0.5857473625918512 0.1105605750806531 0.278357999272315 0.9722768599226989 0.9048055882267744 0.7443802022044441 0.7266035738829162 0.06180275314787957 0.5393687532602602 0.5669135592582577 0.05160208199988707 0.2920807458524158 0.1181118896538567 0.3899410124115455 0.4428941870539821 0.7316660846513003 0.5084830253574456 0.339800169116868 0.9391191960037781 0.3067711315407035 0.1884245822950811 0.9162173314244109 0.1786023616576858 0.6808409756331361 0.9112534089150925 0.8775995461395026 0.1585898251611518 0.894335193167638
 0.6548964109498299 0.1025234675235124 0.7292153572509898 0.9654132690933264 0.6475773115286033 0.2963882928784462 0.0421635896782389 0.9670464911437954 0.9987866594104665 0.4402429459517247 0.5616347164332864 0.0927891794838767 0.5452652412567044 0.1071984660845404 0.8304050414711712 0.5276673557715192 0.9046115682871297 0.6306694908546095 0.863704548541153 0.2628142647333097 0.9981228539269928 0.3631549624482754 0.5822162404620189 0.09190533798265181 0.3486923192041828 0.2956243523658779 0.103563104965808 0.2174558936746689 0.7236064109966812 0.2746774710096225
 0.6689549002990205 0.8897973720182942 0.2391506233609149 0.3662752798447104 0.03491092492505236 0.5529567837126949 0.7622320619342007 0.7388072370624881 0.790228370119593 0.5535013143889492 0.3218270818819747 0.6605118221031256 0.6641250889353827 0.08490305405169156 0.1359974844696027 0.2022214897836548 0.314350954560843 0.04829512838975673 0.1019485402463878 0.1342691061863682 0.315121902781363 0.9110912066099182 0.3536885477595906 0.509788241195691 0.7323257993766262 0.3618734473281864 0.1037815955563996 0.1511346731575131 0.6811200884829338 0.723960678801
 0.9535444772301827 0.1866318762994327 0.811504503987754 0.8269229042434353 0.01492840135288003 0.09793458583985708 0.2172211098479884 0.1262015660753562 0.8336523358255954 0.5621057189943183 0.325015195192814 0.7869479759446936 0.1318199950575565 0.06165654802007219 0.8398630331079087 0.1909529150247786 0.9225918820551963 0.6949182142133553 0.556221020423242 0.01545929413687024 0.702889714751242 0.7284874508059602 0.4846228639751618 0.2382379529381385 0.01791369700709016 0.2939185153730599 0.07174683036849354 0.6016148741031513 0.4549942880243661 0.4660334939249555
 0.4766175867954074 0.618341291023815 0.2348687825089747 0.2187898818227398 0.7475217744180672 0.6688857062158786 0.4728714991194751 0.9621901476510734 0.8160301316238819 0.5440407463602803 0.8962631760041962 0.1194585645774506 0.5086433584458675 0.8636712649950364 0.9454236881549045 0.5841467657098468 0.8107113670322345 0.7270849169170662 0.3708038934624621 0.8701292749775598 0.8717482992744179 0.4419384051354239 0.4214040615016153 0.5921085866398038 0.9783082657354517 0.3218238491728876 0.5436077061965731 0.3915318612560608 0.5293602072357347 0.3757187110672333
 0.3980080288050364 0.2353285557394607 0.1569782899087492 0.3729805388670359 0.7341938687455375 0.2726123630942238 0.5780070452279917 0.06513057592589981 0.989940665165346 0.5061098486439686 0.4584896217683117 0.4184972321923711 0.8744388504185039 0.4610381973751166 0.02231866177651769 0.622619802504593 0.5527554762805739 0.700474127769894 0.03237951423571388 0.4064483752950035 0.8791822325663298 0.9847332937153428 0.5227288895283086 0.9528517341561759 0.159972166619937 0.1103034536456932 0.3952521900056471 0.5755870564217829 0.8480971456486489 0.2936664446944323
