# Created by Octave 4.0.0, Thu Mar 03 12:07:51 2016 Hora oficial do Brasil <unknown@ASUS>
# name: A
# type: matrix
# rows: 3
# columns: 3
 0.1165310021208983 0.02266584754438443 0.9215397415728473
 0.3745698786052558 0.94902812791344 0.6417870500012374
 0.2539472277528889 0.382729740686997 0.2947015174822671


