# Created by Octave 4.0.0, Thu Mar 03 12:07:51 2016 Hora oficial do Brasil <unknown@ASUS>
# name: B
# type: matrix
# rows: 3
# columns: 3
 0.9015025037662933 0.8287420849844475 0.752081163766813
 0.3804986808011578 0.1059899092657057 0.265900352315364
 0.2329447710341574 0.5372312963912803 0.4432635363586154


