# Created by Octave 4.0.0, Thu Mar 03 13:49:53 2016 Hora oficial do Brasil <unknown@ASUS>
# name: B
# type: matrix
# rows: 30
# columns: 30
 0.9964706866272949 0.7201764456969533 0.8414776857368685 0.2484882210273813 0.1916087080495666 0.349957299235749 0.008011248582576447 0.8268203406144065 0.1334338502000494 0.9434317402858565 0.167888634352421 0.03131503114335059 0.08014630391491166 0.5521497186910518 0.5890388653732679 0.2067216826445005 0.3826187384713286 0.5357276432882937 0.8314024755495051 0.512905799825809 0.3470012817669823 0.4975680005847363 0.2913409050379348 0.1286969438635568 0.01322149585786885 0.4320080669589061 0.4502050905517709 0.9552604734384439 0.9913054620467089 0.4254252155493695
 0.8834789606710194 0.3921334153972642 0.8104220607848046 0.9073352663790183 0.081544549320176 0.4002340372182615 0.3427664857783968 0.7419200180688967 0.9522329125284535 0.21561914515252 0.149142675642741 0.1595115714464794 0.2490087645885412 0.7416164893240536 0.837046100469245 0.6950433450490033 0.3686754770452357 0.4608633680496273 0.7943338406236788 0.5474270475967822 0.3304363631894677 0.005681103612849503 0.4182258758531824 0.04643198827516497 0.3106934896898535 0.6814790575622707 0.3030091704076526 0.7185755722163627 0.8637719611595265 0.07605508833201328
 0.8869118701075974 0.6143878222379384 0.3812774475493251 0.03806767559200123 0.5242258638088455 0.618824617826642 0.3404019513178783 0.9267964818632828 0.9702274352075622 0.8091192086962077 0.5185190292325071 0.5735938162333279 0.3761866952387639 0.5973981649684424 0.8715801844361861 0.9650339772876969 0.774019819833327 0.7697899139118443 0.7795455799578311 0.4516976724823228 0.4638476258553263 0.7684800845544234 0.9859935497777158 0.545266357722304 0.9241091586989942 0.7659286539037284 0.1919655462681215 0.2504174931903214 0.1454148355015148 0.9161420243570897
 0.5158664311681532 0.8232284835617752 0.8181529285040993 0.7179942793180492 0.1688004779857528 0.8001336291250977 0.3765696295313329 0.2051728796837384 0.7921278989505207 0.9768450885003495 0.5676152028267384 0.3331614115789001 0.6686243985494976 0.430148451466745 0.8951266792483252 0.4797780188472741 0.3676901343724611 0.4919814071663294 0.61795517972063 0.04449605282272522 0.03302582465001851 0.8907933498409604 0.002809479782839452 0.756371328100821 0.7520080074955363 0.8052514864807507 0.4128797892151845 0.3224717902012262 0.04448948842863402 0.5009137717773403
 0.8607875426244039 0.8584948826267877 0.8905376078544546 0.9298754577706955 0.637578763485725 0.8929542101950554 0.0369888130924954 0.9855351811916774 0.8570802271272661 0.8526675341526213 0.1909593033855789 0.8702594099157361 0.4370338747188976 0.4556381185298925 0.3145956525008299 0.09544621304851546 0.08051444246546018 0.3766315960744247 0.3698798398759034 0.3502588444753957 0.9121436336937232 0.2820692270326084 0.4260709825389897 0.50950174272936 0.07460097521073665 0.517624580757684 0.626796635447151 0.5398190942546682 0.8945310464464492 0.5883749744811706
 0.8072275080317697 0.568051622352245 0.06274563063363962 0.5855567374375156 0.568633129974038 0.2280905854572611 0.5863235875898619 0.5682609576315458 0.5849201774339547 0.8766464933407845 0.1549179939242557 0.05231146946459068 0.2486073680937265 0.4780979677723196 0.6939195014689382 0.5125747210786719 0.06748619529752602 0.2930516925475129 0.8759488312663677 0.9639703629105778 0.4494899098282031 0.9733212399015787 0.6173540745502805 0.8746853156877731 0.2789240984054882 0.8926280826330883 0.7615339493115421 0.8610576979559025 0.9697012316232315 0.138487374720084
 0.4188212197907875 0.2625053509287338 0.1760273814333123 0.6309736823030637 0.5801139197727168 0.7588470684793533 0.6387360264337889 0.8217509440485826 0.4583685456352913 0.2427649336847355 0.5103794640784192 0.09788348556153308 0.3772667742253706 0.5958287365016487 0.227545286118174 0.3157914730400767 0.4522179941655715 0.0233740179964929 0.5271028525829002 0.1175722981601803 0.5483496674832862 0.3625691979976752 0.7207444671577361 0.8571730656347148 0.547438067229385 0.01423926031367244 0.7443521185138962 0.2616292801420577 0.4436429074545363 0.8541699467246406
 0.671266027868234 0.2819133933920013 0.6540768444694955 0.6311694770331984 0.9306658936863016 0.07173112018251009 0.1374503132733685 0.8344437925771305 0.09977869241010211 0.6067636793094642 0.5518571354910354 0.1135202957853145 0.5237179053990964 0.082948774905845 0.7901102744676016 0.7545622983431127 0.1781384440475408 0.2836826926625761 0.0318546561188862 0.08870378205135669 0.284020257152288 0.0781000470101864 0.7873192509540371 0.426065100547847 0.8114218252587591 0.4040681851915076 0.2166044733460049 0.7063643935780706 0.6262504629920507 0.6565561106179347
 0.9705376323055942 0.1797784885002524 0.9948610349805309 0.1192314046078068 0.1677752027120128 0.2007188062865263 0.1403580917217004 0.1874130228988983 0.5319004798672065 0.3186821857665648 0.05672933947093488 0.7015276546963066 0.4407330469638712 0.4316818091931467 0.6898924203362368 0.7440494208252597 0.9671936337513494 0.2653233711377596 0.6286761917176374 0.5771849679897646 0.06772632953842588 0.6963895871891578 0.1283298066959961 0.287004257119029 0.5843893865550265 0.8754509023931648 0.7891777369470474 0.03812244151864545 0.6034134620306902 0.9489589532475324
 0.4452275283360338 0.1067236440241536 0.3234722670116911 0.8632286988051269 0.1473204443628257 0.3961891667025336 0.9734870931666271 0.5743519599172491 0.157985899059589 0.5609519259511704 0.4424696951837659 0.3474530883259011 0.6286427732483189 0.6006064043384567 0.7757899677081568 0.8916783126157278 0.4244071708435584 0.9823627317286828 0.6201254050010138 0.8743554787311391 0.2651410025403401 0.208420888894831 0.3739077076733041 0.2574354565249325 0.5557757559790097 0.6577788458636303 0.2428405317668105 0.7811714173851445 0.04118450825747182 0.9909641697825123
 0.3828851037263244 0.6116099743243149 0.2477588323635259 0.2185649978458057 0.4784482357724657 0.180799411478838 0.5079464819208139 0.2265637490973876 0.5916426736248438 0.426024960750076 0.7476533608592755 0.03368946248116271 0.3573692872289023 0.1025008879086352 0.4164739353608514 0.1054293073152155 0.7172384729172263 0.5150073772927847 0.02629426862398514 0.9758609239249106 0.371077506798073 0.8209231324714719 0.6694906435922177 0.7399404699382608 0.4477105205513436 0.9060237198218042 0.6518361642068026 0.3061814809442229 0.4082765816915754 0.5609378109720774
 0.1398371517650341 0.299102710276143 0.7625811074950926 0.1564463162644058 0.2761720097774834 0.545947433697767 0.8820985897697837 0.8260755427314564 0.2322317643360908 0.6058974198932202 0.4959007086989319 0.3229067904440395 0.6314339884336015 0.2821373902071145 0.4580511217218735 0.623962386006359 0.9880262879023666 0.7967808426588848 0.1327105054368671 0.2765883540056449 0.8368792003723071 0.1263128142694527 0.776705174338673 0.1123531749935408 0.8873087740482267 0.5488417265941731 0.09624000442035467 0.6021603984296496 0.6410718249338577 0.232322105403808
 0.8944261738573485 0.708646557956137 0.9999859178343867 0.1022962994111862 0.5157040020931052 0.945702214978874 0.2511525727401051 0.5581388777361211 0.8091495499424699 0.6018139788261984 0.6864339199746755 0.5543295621557177 0.04618759388794084 0.9112938480952383 0.1713128855811349 0.4832356566129261 0.8694622078869289 0.5322625579601734 0.3663335635980141 0.4348926793901862 0.5676736189328275 0.5164932508396687 0.8798208446552411 0.1422951724708152 0.7506919695639058 0.397870651793717 0.557496687511839 0.5365671476358257 0.2650795216310255 0.1547689109569001
