# Created by Octave 4.0.0, Thu Mar 03 21:35:00 2016 Hora oficial do Brasil <unknown@ASUS>
# name: S
# type: matrix
# rows: 3
# columns: 4
 0.8740979894417211 0.4682498324587805 0.144579884928042 0.613425779985891
 0.4367343851132746 0.1970224016143288 0.209225080749062 0.865274865940552
 0.1096752887873143 0.827322888447299 0.6590977585497537 0.3563693247327612


