# Created by Octave 4.0.0, Thu Mar 03 17:03:56 2016 Hora oficial do Brasil <unknown@ASUS>
# name: TI
# type: matrix
# rows: 3
# columns: 4
 0.09224225030954218 0 0 0.3121397419786382
 0.9379243857218595 0.6422996471514217 0 0.0152225576387131
 0.8092376035317993 0.7959890089042725 0.9218658060414862 0.468138618337771


