# Created by Octave 4.0.0, Thu Mar 03 17:06:36 2016 Hora oficial do Brasil <unknown@ASUS>
# name: TI
# type: matrix
# rows: 30
# columns: 31
 0.6214788808863245 0 0 0 0 0 0 0 0 0 0 0 0 0 0 0 0 0 0 0 0 0 0 0 0 0 0 0 0 0 0.3342389863806832
 0.6105632119538936 0.06456094356989976 0 0 0 0 0 0 0 0 0 0 0 0 0 0 0 0 0 0 0 0 0 0 0 0 0 0 0 0 0.05421673518554131
 0.6405786642037525 0.09443265736341026 0.8261572724956544 0 0 0 0 0 0 0 0 0 0 0 0 0 0 0 0 0 0 0 0 0 0 0 0 0 0 0 0.1923280643259161
 0.9947849759468049 0.2327862403884117 0.2821306710189099 0.9601771083092434 0 0 0 0 0 0 0 0 0 0 0 0 0 0 0 0 0 0 0 0 0 0 0 0 0 0 0.3111277708556519
 0.993762176840983 0.2723324291900995 0.7477073977634993 0.3158809969257786 0.7588808888390682 0 0 0 0 0 0 0 0 0 0 0 0 0 0 0 0 0 0 0 0 0 0 0 0 0 0.4598123352163073
 0.01396047701880081 0.7377053184664346 0.732157416735525 0.7614215703658317 0.5852257465030143 0.5232981049536067 0 0 0 0 0 0 0 0 0 0 0 0 0 0 0 0 0 0 0 0 0 0 0 0 0.3210453399512601
 0.9257543610486374 0.829089198942161 0.3024477021082481 0.04340516113254549 0.9005574940266797 0.3671754434521897 0.9130525354074648 0 0 0 0 0 0 0 0 0 0 0 0 0 0 0 0 0 0 0 0 0 0 0 0.304270964775022
 0.8186391057337847 0.1336709957253244 0.9191952423732276 0.1997771573114491 0.2215685659412326 0.9167284444009061 0.7874868167573981 0.1103066992362784 0 0 0 0 0 0 0 0 0 0 0 0 0 0 0 0 0 0 0 0 0 0 0.2817680809444923
 0.06131734272627214 0.02525192026693639 0.4262526651358777 0.9303835083343496 0.120262964827786 0.6876679329584793 0.2760681996909971 0.07126038863857724 0.7822221213042035 0 0 0 0 0 0 0 0 0 0 0 0 0 0 0 0 0 0 0 0 0 0.7217698178581561
 0.5534870194876018 0.6920035108400205 0.8025816094647203 0.7360554944483056 0.2938676498689256 0.8796190249725001 0.2170693774759245 0.7640052320277073 0.7992043790502951 0.1539481931395605 0 0 0 0 0 0 0 0 0 0 0 0 0 0 0 0 0 0 0 0 0.9006862808811261
 0.0325998853900286 0.7344580286731912 0.2193143783668585 0.9714768139768882 0.6810740057895363 0.341300388090867 0.2395282900234479 0.2517845310164743 0.5324555051985091 0.3418179851282988 0.7065517742790318 0 0 0 0 0 0 0 0 0 0 0 0 0 0 0 0 0 0 0 0.5312268199071735
 0.9075024058271197 0.07961183231294515 0.2486584069819884 0.3551720726663064 0.02759083173773451 0.1064333940271767 0.6577161332240647 0.06968491649100032 0.2882686581455327 0.5869956472522512 0.474743530916273 0.2439799376837938 0 0 0 0 0 0 0 0 0 0 0 0 0 0 0 0 0 0 0.5483975952115133
 0.7410927801255986 0.1368212656612044 0.4893880016411243 0.8636899115345104 0.4425731995703646 0.07140553146885957 0.3933741173421287 0.8164334615813773 0.3601070433975959 0.2689001367834526 0.9052314086475595 0.01253027226674224 0.7061487660833782 0 0 0 0 0 0 0 0 0 0 0 0 0 0 0 0 0 0.9348488004491309
 0.2939763102204897 0.1477984427219839 0.1594345543376174 0.3510124425209375 0.5067506047519537 0.9959325413996516 0.3568682982844292 0.220598501875004 0.0163300051023199 0.1779638092292153 0.9368393827805831 0.6349958497962837 0.06024311469678161 0.5732354926773126 0 0 0 0 0 0 0 0 0 0 0 0 0 0 0 0 0.3216332794663031
 0.9415053747227285 0.554058898738832 0.8825064863728694 0.04463131898235233 0.1208071911615345 0.9538534777880781 0.4355640562522712 0.03825015231574329 0.8560445719569096 0.2688327700468082 0.3140919290629505 0.019001979838612 0.8560985327157031 0.8685499718691504 0.8991329292710695 0 0 0 0 0 0 0 0 0 0 0 0 0 0 0 0.7402896201444332
 0.4855068802835668 0.2760244434293103 0.4733456374970041 0.05341610690341707 0.05433170234879629 0.9455528896222122 0.8014948576741652 0.3958506186881036 0.02256993730840156 0.7151507315502164 0.9422295046102279 0.5052386364713398 0.4464877737315321 0.3077561068852246 0.1553823550800187 0.1027180223398026 0 0 0 0 0 0 0 0 0 0 0 0 0 0 0.5058023117094214
 0.4607526990699011 0.3142045077985618 0.4498355346266171 0.05037284389627643 0.7924695610161879 0.2892830298678042 0.4664587447520597 0.3912723438424064 0.8431614769207486 0.2312010552371903 0.2639449805452729 0.1270592505079927 0.1774822123478816 0.5141592146911267 0.419137267014021 0.7648665298202449 0.7850876171996781 0 0 0 0 0 0 0 0 0 0 0 0 0 0.6589842874979291
 0.3022854962129792 0.171814187553343 0.9854982574106801 0.5907058417147978 0.5427605769412625 0.5585622815549373 0.6651292194683344 0.4195170594840203 0.6927681789973438 0.4832285678921114 0.4153658973907304 0.6715310417101662 0.3119716883553725 0.9275032736635809 0.46898707894067 0.07021898689209898 0.6571231944967345 0.3628544169308894 0 0 0 0 0 0 0 0 0 0 0 0 0.7303837618315777
 0.1177872550515254 0.7148214059712024 0.567320037375585 0.8096524212574167 0.1052311958351855 0.9877253488334757 0.6288469103089936 0.4226426006890833 0.8458672123444755 0.2474826354880251 0.4849426887709499 0.2840651675739765 0.4284864414677782 0.2643686507457636 0.6434818120704626 0.6366063162112366 0.8402618505563105 0.3315826915693259 0.7691733235346929 0 0 0 0 0 0 0 0 0 0 0 0.6748255025973088
 0.1062207165769781 0.08157628296986157 0.3867061510243063 0.9559615396105509 0.684070442196233 0.87809742592846 0.4955324097693543 0.2620430483541622 0.9232483203652526 0.9238062885317564 0.3357796211678284 0.2089314199747391 0.5956194048125454 0.9434159454062989 0.9013361269701287 0.4434923488356841 0.7355244399989905 0.2213567882738357 0.1459972895449805 0.7646793120251862 0 0 0 0 0 0 0 0 0 0 0.8766027503101662
 0.6140033453943017 0.4927921659408732 0.7508670877183465 0.6649062436270264 0.7851804891060065 0.7187311915164322 0.09335997543688417 0.2010876390196474 0.2527799495974458 0.3132701199548553 0.656392869388824 0.09788438722056385 0.6692784235676217 0.4561464762751671 0.782840977259177 0.0833697804456605 0.7704276431506731 0.9116149594543834 0.3127552531277442 0.1762700443091823 0.3434411082620653 0 0 0 0 0 0 0 0 0 0.875236820926144
 0.9165261450562889 0.7559742358965794 0.2115404329108575 0.2421235778005126 0.05446958252089522 0.7300620201061481 0.5041998555639378 0.03611201632530585 0.0518062225652957 0.3991796162186568 0.4346880207890935 0.2271050898568485 0.4889029711354296 0.1226448840439011 0.779812112099093 0.4918927757039124 0.8167078272822829 0.9619029125172908 0.4849557748029558 0.7841737075049806 0.5650256229863599 0.2507343245148695 0 0 0 0 0 0 0 0 0.7480257556521588
 0.9404589617215924 0.07560969665519206 0.6339085340560934 0.536615991448525 0.02835974049155048 0.6535910773182354 0.001150026700278684 0.5289914043589383 0.4193781289669624 0.6399584820658218 0.6925325442121546 0.2148701821204144 0.9065645224031263 0.3250440185856462 0.4906181408977598 0.7476180237571641 0.3784156418299064 0.3499360161049626 0.6608494328320585 0.9502011671479379 0.9137689006285005 0.8067387365993052 0.9214178668098894 0 0 0 0 0 0 0 0.2496640010267688
 0.4752963158285278 0.4509114179432636 0.454176417286747 0.08239951411704254 0.0843952465992817 0.07365886638655587 0.9624062015164476 0.8941572443959844 0.5602696979940091 0.03503664384020248 0.4573890613449265 0.5607373231652426 0.5573812721194304 0.9254266314091978 0.8328166662180772 0.893670032562942 0.8086142879864194 0.5418405265480535 0.4094234287252628 0.5304839745603642 0.8179834989928775 0.3787904701014389 0.135963191056949 0.8291451646367357 0 0 0 0 0 0 0.9670414484520462
 0.2036507714948624 0.1599733267820855 0.5103440096940326 0.3048034409061983 0.7089520377897125 0.952495992207938 0.5620841218449543 0.7080710117424036 0.05344596934600192 0.4010808656337629 0.2682378705944621 0.1240185119588018 0.6214379711365181 0.8030793971889801 0.1872084532364446 0.6288712201529294 0.5868939659346957 0.5465382430058389 0.6218861296149505 0.181714563293262 0.523960656206212 0.2128283610246605 0.06881025963717151 0.7460976870719304 0.9328646420266916 0 0 0 0 0 0.1390139790952873
