# Created by Octave 4.0.0, Sun Nov 15 15:57:34 2015 Horário brasileiro de verão <unknown@home>
# name: G1
# type: matrix
# rows: 1
# columns: 100
 -0.17157287525381 -0.1716034206813266 -0.1716950934424661 -0.1718480030463195 -0.1720623322526157 -0.1723383374391832 -0.1726763491175881 -0.1730767725981388 -0.1735400888057928 -0.1740668552488388 -0.1746577071425693 -0.1753133586905059 -0.1760346045260757 -0.1768223213179826 -0.1776774695428585 -0.1786010954291193 -0.1795943330762897 -0.1806584067543948 -0.1817946333883514 -0.1830044252326143 -0.184289292741659 -0.1856508476421849 -0.1870908062132315 -0.1886109927806822 -0.1902133434329008 -0.1918999099644964 -0.193672864055439 -0.1955345016929436 -0.1974872478437051 -0.1995336613841891 -0.2016764402967632 -0.2039184271394725 -0.2062626147972303 -0.2087121525220801 -0.211270352269995 -0.2139406953414006 -0.2167268393322086 -0.2196326254016494 -0.2226620858625409 -0.2258194520988432 -0.2291091628143802 -0.2325358726154674 -0.2361044609288192 -0.2398200412545328 -0.2436879707520917 -0.2477138601552299 -0.251903584009064 -0.2562632912201589 -0.2607994159070829 -0.2655186885355206 -0.2704281473181076 -0.275535149854816 -0.2808473849849144 -0.2863728848162396 -0.2921200368917207 -0.2980975964467729 -0.3043146987043233 -0.3107808711468303 -0.3175060456967139 -0.3245005707281421 -0.3317752228241394 -0.3393412181835179 -0.3472102235722549 -0.3553943667036811 -0.3639062459213188 -0.3727589390474971 -0.3819660112501053 -0.3915415217691673 -0.401500029334513 -0.411856596095852 -0.4226267898772834 -0.4338266845598981 -0.4454728583889529 -0.4575823899963678 -0.4701728519253552 -0.4832623014420978 -0.4968692684199196 -0.5110127400845944 -0.5257121424156633 -0.5409873180081274 -0.5568585002119079 -0.5733462833832151 -0.5904715891026082 -0.6082556282390987 -0.6267198587681991 -0.645885939284205 -0.6657756781830836 -0.6864109785317962 -0.7078137786823152 -0.7300059887335244 -0.7530094229909682 -0.7768457286223689 -0.8015363107551478 -0.827102254310043 -0.8535642429113778 -0.8809424752587307 -0.9092565793857127 -0.9385255252684497 -0.9687675362783433 -1


# name: G2
# type: matrix
# rows: 1
# columns: 100
 0.17157287525381 0.1715423294964162 0.1714506517837975 0.1712977206963661 0.1710833335402113 0.1708072058539863 0.1704689707161089 0.170068177849826 0.169604292522967 0.1690766942384819 0.1684846752111084 0.1678274386247367 0.1671040966642506 0.1663136683147944 0.1654550769205631 0.1645271474943185 0.1635286037679084 0.1624580649730849 0.1613140423409011 0.1600949353068819 0.1587990274080378 0.1574244818565839 0.1559693367739632 0.154431500067427 0.1528087439300018 0.1510986989431514 0.1492988477598358 0.1474065183439483 0.1454188767402821 0.1433329193472229 0.1411454646622771 0.1388531444683102 0.1364523944259853 0.133939444035328 0.1313103059266031 0.1285607644377437 0.1256863634324135 0.1226823933093833 0.1195438771502492 0.1162655559485823 0.1128418728593578 0.1092669564029298 0.1055346025528753 0.1016382556316764 0.0975709879324176 0.09332547797838983 0.0888939873256667 0.08426833580629688 0.07943987510166579 0.07439946052675046 0.06913742089634241 0.06364352633373561 0.05790695387076815 0.05191625067534057 0.04565929472845466 0.03912325275726759 0.0322945352134344 0.0251587480669016 0.01770064116405085 0.009904052875386067 0.001751850731455114 -0.006774132283978246 -0.01569316614783721 -0.02502569732053027 -0.03479342782177033 -0.04501940035133661 -0.05572809000084131 -0.06694550316397585 -0.07869928432254913 -0.09101883146513627 -0.1039354209858864 -0.1174823430146962 -0.1316950482486131 -0.1466113074903422 -0.1622713852559039 -0.1787182289930423 -0.1959976756587806 -0.2141586776430103 -0.2332535503005101 -0.253338243672564 -0.2744726413488069 -0.2967208898488888 -0.3201517624025536 -0.3448390615883705 -0.3708620659707577 -0.3983060266703938 -0.4272627207366899 -0.4578310692895661 -0.4901178296941009 -0.5242383725658545 -0.5603175562261578 -0.5984907133964242 -0.6389047675142232 -0.6817194991657428 -0.7271089868774 -0.7752632510421238 -0.8263901352608333 -0.8807174660951241 -0.9384955404573789 -0.9999999999999997


# name: t1
# type: matrix
# rows: 1
# columns: 100
 0.8284271247461902 0.8283965793186734 0.8283049065575339 0.8281519969536804 0.8279376677473843 0.8276616625608167 0.8273236508824119 0.8269232274018612 0.8264599111942071 0.8259331447511612 0.8253422928574309 0.824686641309494 0.8239653954739243 0.8231776786820175 0.8223225304571415 0.8213989045708808 0.8204056669237103 0.8193415932456051 0.8182053666116487 0.8169955747673857 0.8157107072583409 0.8143491523578151 0.8129091937867685 0.8113890072193178 0.8097866565670991 0.8081000900355036 0.806327135944561 0.8044654983070564 0.8025127521562948 0.8004663386158108 0.7983235597032369 0.7960815728605276 0.7937373852027698 0.79128784747792 0.788729647730005 0.7860593046585993 0.7832731606677914 0.7803673745983505 0.7773379141374591 0.7741805479011569 0.7708908371856197 0.7674641273845325 0.7638955390711808 0.7601799587454673 0.7563120292479083 0.7522861398447701 0.7480964159909361 0.743736708779841 0.739200584092917 0.7344813114644794 0.7295718526818924 0.724464850145184 0.7191526150150855 0.7136271151837604 0.7078799631082793 0.7019024035532272 0.6956853012956769 0.6892191288531697 0.6824939543032861 0.6754994292718578 0.6682247771758607 0.6606587818164822 0.652789776427745 0.644605633296319 0.6360937540786813 0.6272410609525029 0.6180339887498948 0.6084584782308327 0.598499970665487 0.588143403904148 0.5773732101227166 0.5661733154401019 0.554527141611047 0.5424176100036321 0.5298271480746448 0.5167376985579021 0.5031307315800804 0.4889872599154056 0.4742878575843368 0.4590126819918725 0.4431414997880921 0.4266537166167848 0.4095284108973919 0.3917443717609013 0.3732801412318009 0.3541140607157951 0.3342243218169165 0.3135890214682038 0.2921862213176847 0.2699940112664755 0.2469905770090318 0.2231542713776312 0.1984636892448521 0.1728977456899569 0.1464357570886223 0.1190575247412694 0.09074342061428731 0.0614744747315505 0.03123246372165681 1.224606353822377e-016


