# Created by Octave 4.0.0, Thu Mar 03 17:03:56 2016 Hora oficial do Brasil <unknown@ASUS>
# name: TS
# type: matrix
# rows: 3
# columns: 4
 0.02977626790761239 0.3885617341723923 0.7008303837048813 0.5585607014134453
 0 0.939332795338472 0.6360082129729315 0.3143656372218671
 0 0 0.9657550531596804 0.440590482685315


