# Created by Octave 4.0.0, Thu Mar 03 17:06:36 2016 Hora oficial do Brasil <unknown@ASUS>
# name: TS
# type: matrix
# rows: 30
# columns: 31
 0.7149790175818158 0.1433688085647358 0.5049449378531218 0.6949073772613433 0.03530839354016761 0.6496772523456122 0.3311811031352073 0.4170527325828169 0.239574877191942 0.3635114567228778 0.2616481384170652 0.07632337788876724 0.462500911440653 0.8242107557814584 0.9438637182767841 0.7531356766023157 0.5679139934059203 0.3652291142343866 0.5615007930681908 0.788712253331521 0.705577214665717 0.8563639002594491 0.286682768551803 0.3748435800402041 0.3567069417493411 0.6650306328439652 0.603155277356236 0.04280091701206572 0.01572081089368953 0.8836660525687492 0.9195396843775602
 0 0.8010110886286826 0.5378744770992874 0.5068236122709776 0.9628685076979945 0.4758103078214553 0.9803375374085072 0.03518908529432967 0.6177668208350767 0.1479137023286198 0.07387944611171331 0.1020349349766574 0.2666719423155688 0.8173603981880373 0.9998174992058535 0.9105942972105313 0.9744468918731728 0.9661089386069422 0.2691889682985353 0.812756723412456 0.6201251744068126 0.1535758164379838 0.8719368985770126 0.7180151405837799 0.05862468431064809 0.7367406702589401 0.03873825217883502 0.09737181826231615 0.7440083095037477 0.2759209441518688 0.2269574731035468
 0 0 0.7205756523386911 0.279571672159996 0.6029933145653513 0.3524766174759302 0.7894076373363644 0.1949896679127486 0.9245292450936677 0.05438720593192829 0.8364937731332316 0.3601589053544377 0.533564748140028 0.6855604538057467 0.988938506386122 0.9358788231284507 0.6379268640594904 0.4492752047965375 0.6158561193574535 0.09219827675129737 0.9055805464554769 0.8654778539394857 0.5850828556275098 0.5959873069645452 0.6570421563172962 0.9805531262617651 0.7825669174608342 0.6044933063265252 0.05847783546347711 0.6651420688963517 0.8438765904553307
 0 0 0 0.8799452735358788 0.6319368185484302 0.3404981964928893 0.6266891427044439 0.3435481635040133 0.8623564227750452 0.1728329266530351 0.05341187427216458 0.9421909721115392 0.1809637518611392 0.06663356079832521 0.4656154818367531 0.8284912431424022 0.8535009016291731 0.808479576152655 0.4769327698982485 0.07718945460667685 0.2283204855970853 0.5903318485617702 0.1197406127394282 0.1267460554514435 0.0009774266230510476 0.4903873169675442 0.3547792158101963 0.158034298114466 0.2590824194336208 0.3094869809098459 0.8458128630396951
 0 0 0 0 0.4048563728332926 0.08904994887531141 0.388974975812882 0.7308199051985357 0.7346782421035637 0.5522277228435021 0.1562535747604722 0.6631544639599668 0.3962983061183593 0.9372083389692143 0.8319377083485796 0.9283984680853725 0.4441664073894878 0.02741310556180603 0.323261365715879 0.9060012757662231 0.9649723191567898 0.4794594799790075 0.0869430190594888 0.3009382993760892 0.1152336267649706 0.1032692851681897 0.6450627059625881 0.8333201689355411 0.8333989013997902 0.3989124264843477 0.1181321949550492
 0 0 0 0 0 0.1665449726847255 0.5909459234316566 0.5321748067441766 0.2212921172023934 0.5047493872991371 0.2628608613274936 0.7905500763069252 0.8920669766243847 0.6217864252336804 0.5043626275305454 0.4956808840971412 0.334978985247788 0.3100621851325019 0.47146847043596 0.4355238128077982 0.3206922615343754 0.8196676407068129 0.3470496691477729 0.5642478920809259 0.7420949018190383 0.3971022592650159 0.5613553212853764 0.1028864819664271 0.03513492620133322 0.6838617677665495 0.6281094958749655
 0 0 0 0 0 0 0.6711353005330348 0.6423418489660544 0.09551825686223574 0.4921069367644074 0.8030777633608985 0.9834511625099009 0.4614902737279465 0.3904074736394114 0.6021246793640328 0.3003772754940446 0.1341082903412088 0.1448627521466717 0.5488782573116853 0.9863249051156944 0.6824226767818299 0.9261707041933309 0.6341035310036287 0.06883858201351327 0.1796234118616412 0.5205108620875613 0.6093665798227624 0.61966218874024 0.5302320565687907 0.8541707389812756 0.2537616265881461
 0 0 0 0 0 0 0 0.7796893657776542 0.2741642569191708 0.3822808766603524 0.1774442453125433 0.8881187731387105 0.2330852891190521 0.8279629137301573 0.982874068083803 0.3699188570416423 0.8041554195497465 0.8870973276076567 0.2338027821038177 0.3846813740855144 0.8154459895588926 0.5007690748135355 0.94571196922659 0.08425801831055839 0.4161486352950475 0.3361620788049122 0.1872705535370437 0.4491244898527934 0.5151116352762827 0.6428639944913631 0.476791402230768
 0 0 0 0 0 0 0 0 0.9878629575270682 0.3447660205864396 0.7083167621438062 0.3227019067101985 0.3886639768915466 0.8709788472881195 0.4191166742384504 0.2731849366741622 0.08624910942978685 0.8296655391940432 0.8467956035770591 0.4061716725982839 0.5047579571376252 0.762717853898225 0.9807647797235857 0.4882046480587088 0.6205556386540865 0.3343454247406575 0.6240715694023289 0.3179514626960101 0.9076563497553661 0.8418896149552824 0.9462135600850916
 0 0 0 0 0 0 0 0 0 0.9130559316755374 0.4681729893999638 0.7684944845016911 0.4370895977421628 0.5830780301885562 0.3711907572941387 0.8603423038519206 0.6928219071815075 0.2759448222420637 0.9939022769835709 0.6502013656150465 0.1233512679875437 0.1128468014916771 0.1292237864088229 0.2442233119872179 0.8007920729873198 0.1622435643158452 0.5062672517529306 0.7523062204486829 0.3193302984084428 0.195402564353859 0.8551913498241642
 0 0 0 0 0 0 0 0 0 0 0.5226188427789166 0.4339798898967731 0.1752289939200544 0.8273697117752303 0.03065151699335238 0.608258674979176 0.03669174353251274 0.739071603592673 0.9381697499405136 0.7976651150163944 0.4384769457987804 0.268461620644614 0.4989224734291716 0.6423783158401495 0.2953025455616555 0.7200206718428889 0.3153063489581904 0.4064054436120806 0.6441509984538383 0.5301617360043848 0.3841037775254479
 0 0 0 0 0 0 0 0 0 0 0 0.2337839518086645 0.1393000292522776 0.5797648060480909 0.3416653323873323 0.9935820191142758 0.4842003299117095 0.339138038576939 0.2610258953308204 0.2916096703960995 0.4463205418198218 0.1670627629844162 0.5745725882107436 0.7291269633354545 0.05045897668291581 0.02223072583453616 0.8057581809277645 0.7288374094369331 0.1335079947135835 0.2525507266595756 0.2011606638617142
 0 0 0 0 0 0 0 0 0 0 0 0 0.7530768257017232 0.04647333154911142 0.2973502260114768 0.2510864190586466 0.9258169052869607 0.2014312901639275 0.6376186530178554 0.04899124060552977 0.7696298110233172 0.5757130269637577 0.2830633464210934 0.9251940509997516 0.4541084048163945 0.1365763553882871 0.3090610697656198 0.03338330470376853 0.9121488852517663 0.8544984910231932 0.3595525300912368
 0 0 0 0 0 0 0 0 0 0 0 0 0 0.5209456001760406 0.3827903674874805 0.7371915210724469 0.1178959025155283 0.3240473882875011 0.2413313119031263 0.2678880297891175 0.009211480594580147 0.6441977688685937 0.05616858474708979 0.3301759165626867 0.2146232949710644 0.1677632382359159 0.605946248307186 0.8961157058743517 0.03362660537441424 0.5545449613238173 0.6330394685443838
 0 0 0 0 0 0 0 0 0 0 0 0 0 0 0.22335521180393 0.7178245624007533 0.7035628289189546 0.1967372343589583 0.8366553657081837 0.8182508175684562 0.406777538980634 0.2438915410977148 0.6495240719023201 0.2031755850735921 0.2469894952071192 0.3617300167152575 0.1198135628846862 0.6394660204248779 0.07529280354328242 0.08667862719067536 0.763038021683331
 0 0 0 0 0 0 0 0 0 0 0 0 0 0 0 0.1967634380913884 0.930107129926973 0.5142244157899581 0.8254189239237695 0.07901683408599273 0.9522268035100088 0.704269800946779 0.010964144564992 0.9885508611154402 0.9356829241424148 0.6003039203940304 0.9386750589897774 0.007080898066799612 0.1272567864783951 0.8306537593828578 0.2651720964306067
 0 0 0 0 0 0 0 0 0 0 0 0 0 0 0 0 0.2651778839045524 0.2323171257359023 0.03078638980317132 0.03891751324242014 0.9545802375344856 0.0579973333985319 0.1833870068616786 0.5288019661529121 0.7665554347135125 0.3579875869215647 0.5390534928964861 0.07462800353934056 0.1680312799424351 0.8985047917493597 0.4260534315414092
