# Created by Octave 4.0.0, Sat Mar 19 19:53:44 2016 Hora oficial do Brasil <unknown@ASUS>
# name: S
# type: matrix
# rows: 3
# columns: 4
 9.662854145895537 0.1854144955918312 0.9254262779935138 0.4142080485119304
 0.3516638765957583 2.900024971823515 0.4953362598862247 0.4011124520842133
 0.6865707381357734 0.1607276793838042 1.529642037797897 0.9203881080719043


