# Created by Octave 4.0.0, Sat Mar 19 20:14:58 2016 Hora oficial do Brasil <unknown@ASUS>
# name: S
# type: matrix
# rows: 30
# columns: 31
 17.55308519668029 0.6041905937496255 0.9744445685253101 0.2564501709392522 0.09447988583793847 0.5369696309581058 0.7609443653040088 0.08931871391022221 0.2214983946670199 0.2526161417467744 0.09595199248797952 0.9271110234457464 0.4971387478871696 0.7573251130877503 0.9463902075135394 0.1865770736173916 0.8037127354126766 0.6667840381506598 0.3957586945056099 0.9644489591838398 0.3846078984742878 0.1674926656733028 0.5406753677344883 0.4803483542693379 0.2983953710929237 0.6411655837760165 0.5330628315595888 0.6836006274448679 0.1077003671357946 0.850123725936082 0.0787642208765779
 0.01519006962499807 13.75488990150851 0.4627379946401939 0.9068988190402054 0.8514691898528512 0.6999962952811117 0.7044637168290674 0.9202549544358121 0.8698307341924155 0.8926019258704128 0.7919666788600456 0.01025043871701696 0.3149522544339891 0.345453641580989 0.9530233279991572 0.8675006131236966 0.3961187226204563 0.4489434509615747 0.5077934066952627 0.7898097330380121 0.3590323884355494 0.6447383896886903 0.04581675123898103 0.9826226146494365 0.4448037520375082 0.7692482129044294 0.6297687298219758 0.8138281348499619 0.3278313312719611 0.501440327315713 0.1310214892904046
 0.6256376800898246 0.5153483911292633 13.92670620680762 0.5920656362919753 0.267638826222073 0.5665447344151785 0.0586701544728087 0.7545964850324797 0.3104006598070901 0.1854585019359665 0.4735307526800559 0.5352624924559057 0.946044190555545 0.3327741797858204 0.863226739795558 0.3636513373745596 0.2137784755795953 0.4706027169270524 0.7817186524292069 0.9799380563404482 0.2991266117525402 0.0947933974836294 0.9798437193548373 0.1948526416198926 0.2625720172379789 0.295698110912781 0.9036781719251151 0.3175980052994918 0.594332308129885 0.08507016999058652 0.4432853589972099
 0.8899879226306308 0.8556688956044221 0.6864050177815814 15.14121482552984 0.5948896926541675 0.03320302208406949 0.9947589656225149 0.4875192635973005 0.2406017516734822 0.5477867491689776 0.9043314550029738 0.7265409046067972 0.6480398559628342 0.4381139766521356 0.06347902428106038 0.6156715725479456 0.1986525909438761 0.5214428617038318 0.945958354172834 0.3954801866314474 0.3295839832999627 0.7890335311718915 0.3450328206055681 0.5184739893422263 0.5572159521762067 0.1310157901518321 0.08389823172349724 0.1923747316094487 0.6236717453594135 0.5209048167570893 0.8274255041797658
 0.1348902528180675 0.6164929728645459 0.8448311520386953 0.7373506362128018 16.83257301607747 0.2611750884583943 0.1108895114217401 0.9821352706106545 0.7163903551932241 0.3299746821959104 0.8272144254147528 0.9860202165947421 0.2913158843054124 0.6162106155860129 0.2114061166185613 0.062612143256971 0.9277740696197604 0.04426364992572789 0.0227970852666161 0.887419758230065 0.07799383533793662 0.4243996346259382 0.2948264637504004 0.004521433375446682 0.9913519302554054 0.08733288694159629 0.365581913984711 0.1187841179102114 0.3947992861122006 0.7571261457414761 0.7969092297008311
 0.179838141129441 0.3132017652981149 0.04322894120272662 0.4076153322892461 0.1198411665509693 15.75487965066704 0.3540520761774535 0.796462698286648 0.8335939665075959 0.7615921434769243 0.2431192123848497 0.9424257654609141 0.9915667506504195 0.7596822513416747 0.6829937111995142 0.469135218976359 0.807095296173207 0.7732756104303539 0.7057454274829241 0.2201364347244534 0.2501222969856227 0.6876956851085364 0.926800278707164 0.426937602796602 0.418623106977882 0.3594135336980742 0.05092156233411353 0.3105484218690497 0.7330341496638627 0.161618499410398 0.8996868092022827
 0.7959230079554475 0.1767489582859836 0.9603488556502754 0.2474751990579441 0.3328729103821398 0.5025713951417669 15.85364683667508 0.1374606406152173 0.8058943814127676 0.2730759742481528 0.8523658292903173 0.7596313673884441 0.6715771024574377 0.1385789810517001 0.147926357454542 0.1944302381049937 0.9198383164326667 0.6176570288820028 0.7895568893228119 0.1929973431435083 0.6786702328861388 0.6121305794058728 0.02904052070846057 0.536684785940691 0.6590648324916071 0.3299925348406281 0.07956029632886301 0.9463810054488845 0.1236660599291118 0.9382023049204334 0.9950289631486339
 0.4523877002863907 0.5605870468259473 0.2681445488172166 0.3386158242436823 0.4367711430041158 0.9565243081943725 0.2585026488827618 16.31758870665966 0.4462437725039834 0.5541940516749307 0.7800077796768443 0.1508207133577983 0.969151479462421 0.5771194935688904 0.09636562036949019 0.2257924864256534 0.2119263227310733 0.7429193434462695 0.5045539661192068 0.3534431043074607 0.2460735810871376 0.1936488369443267 0.7444534226485758 0.5193549187292039 0.32435751778117 0.6555394598672951 0.976133738149834 0.06057760501697677 0.6604418112986346 0.8949362861237311 0.8167901218679506
 0.3686282254224515 0.959777994307366 0.9013652084314765 0.6057108881607483 0.06301878677296084 0.5847128093111692 0.7166209345642078 0.7871121910465395 16.49322257365053 0.3692360634174905 0.4345500974169832 0.464655503123157 0.6253037417247511 0.9081281383965653 0.4111683111253562 0.8134613594286952 0.9528173630063282 0.2907330102550975 0.02872074112163952 0.3381035019264071 0.6971329409008534 0.6493799742300574 0.3578500708835902 0.7560120507809291 0.9792285577219177 0.4231875067593622 0.3394987608708928 0.3600889896688282 0.5871577842613561 0.6843798190472721 0.441356026106844
 0.4703903406696704 0.945200355971205 0.3218554800401254 0.5034247064741123 0.56567347087982 0.3095131924698093 0.8018232903107975 0.3202306600051442 0.1432141737965677 14.21686072696783 0.7044357324079449 0.04788089330265526 0.7051313581676638 0.1859024392958532 0.560510452990175 0.9634605408789749 0.8513411797156395 0.6335372158589481 0.7216574963068602 0.7144863760576816 0.3818187836197689 0.7430471566721149 0.9059775963937232 0.6144300292268633 0.2021367479517811 0.1575531392630992 0.7269785041929194 0.3023813417984509 0.3610271621501027 0.7042300001678681 0.3160501997178691
 0.3718101159984142 0.9250661780893793 0.3477997420157523 0.5560537059092709 0.5317216184056978 0.2338274593964684 0.5048246433398219 0.7175495273738089 0.9594651667710071 0.7108479178389197 17.86578900082534 0.8958028990387323 0.3149871158779473 0.8893872426697667 0.07531300980719384 0.365003552816703 0.6438303494322398 0.3040644660677683 0.352861920950083 0.9809348161204189 0.2266533449126075 0.7152948358104054 0.1842575786284825 0.2370456704282836 0.2507736737580237 0.9600661637407942 0.9515897124932133 0.922294550136439 0.5671675698363202 0.0927598909050638 0.1998418886553291
 0.8407472054090939 0.1326967710665263 0.8720664154274856 0.7886018731673381 0.9079313288791494 0.848011534650599 0.8964848257279127 0.5324012265965917 0.2708378510541097 0.9690229093228205 0.5367178195112923 10.97942157617337 0.7607447710701163 0.2736668624015527 0.9369231593985624 0.3041161293829015 0.7315484735369143 0.9335402184655286 0.7560477215530659 0.07220022632621374 0.1168534392994052 0.3523143665949772 0.4083781372488339 0.7195089562716555 0.498758537082363 0.9315601876614267 0.2190705777027658 0.08521892925969525 0.2684835874512735 0.5819447349504325 0.971441353944055
 0.3672364805372133 0.7373652726833769 0.7278481707896525 0.09197749558796013 0.7759609390186121 0.894590740771816 0.9898357781541767 0.2314742183415656 0.09863057313037686 0.4952610999758152 0.4455651354667572 0.4296604870524762 18.20522141081399 0.378436281312751 0.3279102709222422 0.2459605394481246 0.1200862730160353 0.3710657769645584 0.46272366693288 0.9616663781153393 0.9863684366434164 0.9504704870623805 0.6225019201848343 0.4017853349313326 0.1163895530601313 0.063576039250599 0.8351199900474583 0.4558264966632049 0.8211547688493381 0.08948985284832305 0.3907350165407542
