# Created by Octave 4.0.0, Thu Mar 03 21:35:42 2016 Hora oficial do Brasil <unknown@ASUS>
# name: S
# type: matrix
# rows: 30
# columns: 31
 0.6738873056592317 0.2811129762241636 0.1036152977071276 0.9061642792561996 0.8316309882490469 0.2260923159498598 0.6660292885700427 0.596860848598371 0.5173688112940036 0.6584964331855938 0.01406704998228874 0.651853445018071 0.3935501875463898 0.3262423661477012 0.2025288321262408 0.06597787344860366 0.999671165315533 0.05927410907193768 0.399676828403753 0.6203337652083173 0.6745057766236101 0.7964929967396015 0.5153663331471269 0.8712122851214065 0.6305494390907519 0.7608500641742763 0.5704529084148877 0.4175050446182364 0.6566866854115236 0.691236319439234 0.1819815791377894
 0.4215119318677281 0.23433078104588 0.01836838295383063 0.9640074181520732 0.2953885415148125 0.09981325256708511 0.5903999127777583 0.5100987595676385 0.1924735871574724 0.9222038798210356 0.8980947663784629 0.03547008829260505 0.7144202533700693 0.3473539287054712 0.7890649937901199 0.8827054804053728 0.9143878921397453 0.3582933567030132 0.7107592606938904 0.4329544551871874 0.223939450490219 0.03597041851907527 0.1071484528299081 0.887887241213616 0.5967505263435111 0.972305231480462 0.6830375308263922 0.8712315906819516 0.5834039624686634 0.4139365410327947 0.6776146157080082
 0.5942083173351889 0.5089540227015835 0.1197082929893042 0.4200112974277848 0.316108029507362 0.07954929781870516 0.6678654118500833 0.6877946242323288 0.9491351284678544 0.06529276280147571 0.327445152060119 0.4484140939543034 0.01029524616499615 0.5162673860503401 0.4948185510107223 0.2465913359978367 0.5929481368462272 0.2921835076074407 0.00553369056272206 0.5129844681448152 0.7598126721220162 0.612567320568969 0.302642640054446 0.8271856778739763 0.301561345949001 0.02631606918131984 0.4235831671873562 0.5000024091477715 0.5813988291150619 0.4539408165396711 0.5079664313246192
 0.7641013621462045 0.01090603920026061 0.6656199899216604 0.4038430962166061 0.4314431282713744 0.9923204215753757 0.2302778389175937 0.7794889759787125 0.7626071080905514 0.9989011438711876 0.3732557423114954 0.01399271547801266 0.985824155199582 0.2861772858448594 0.2337218604295555 0.9102396169109614 0.602777953748003 0.2890270104536137 0.3753493157840478 0.6104952129218442 0.6322536532563438 0.3396985452216275 0.01043550727205571 0.5562267061514982 0.2397699985728782 0.52997691394785 0.7077846340868349 0.7156082212364457 0.4503496550168911 0.4508459668645871 0.2411502452263874
 0.6154001513992122 0.08571832588711374 0.6808525947825153 0.8914060480833763 0.1230728146295631 0.02767051315958717 0.809273116064064 0.3334952268460367 0.9597400483978226 0.4306944550621065 0.09699597969205247 0.8417775795768325 0.6476020148358805 0.2538779380454566 0.1107343064987826 0.3501878095451307 0.08383563793008812 0.5915386072420246 0.4126623942687447 0.02742198312400006 0.6501461919804491 0.7867403143531183 0.5194078491577837 0.1007045934456962 0.7264828372891315 0.9083015059965558 0.536275869025863 0.1071145300518793 0.6770050572877085 0.9230790731034529 0.02152575306570308
 0.3548988305862209 0.2880436206190243 0.6273929466821443 0.2189701555307016 0.4078143317658378 0.1490263235309632 0.1890629679005708 0.03732122602391823 0.884071528745918 0.8537508821282482 0.275283252490057 0.7901004837865108 0.4951729041151128 0.544008160757405 0.9366469225699857 0.3597901038203976 0.9674522265596699 0.2845357887724954 0.5268693475550198 0.6609585612631927 0.4374088519180631 0.387690465554499 0.5022076862151286 0.8670922625424226 0.4957093798819074 0.04953320229370832 0.03430888628885458 0.6457701460416269 0.6620763397652383 0.6830113785339641 0.8775516454758314
 0.4607136155766594 0.8944155243037587 0.2687186083336144 0.003729495223985846 0.7106685450751785 0.03185931200424401 0.7903127914893782 0.1809032875505033 0.4326811281180679 0.01304092762028335 0.9417562976919069 0.9781077187024512 0.3839137649691034 0.5168170056132544 0.97733274679789 0.685058059729466 0.811062584947299 0.4584441168292966 0.8277390394683468 0.5000004429189304 0.3576575273250253 0.1747472423561396 0.3286881287880303 0.4794793803507427 0.4049538560156219 0.8844034677084462 0.2035520003762123 0.1094221287683012 0.4659472302518916 0.9028403098918684 0.009524852143803653
 0.7279944281970558 0.1097256339749116 0.3281650404399125 0.2127600292757951 0.7409617039367843 0.3635290508130712 0.07320622651187784 0.1975994758126742 0.9294312429043524 0.3978307720398949 0.9771632910708739 0.3933748249178827 0.2683616729620671 0.3852938658490815 0.2145580620790675 0.9939453159698749 0.6544304988440487 0.4516794309980925 0.2590569753013457 0.3437449810284278 0.03021144944702918 0.2446569174042117 0.07483228713662342 0.7209346421388815 0.4102942765589719 0.0290947279153047 0.8710292794297868 0.8952654207976658 0.01519503675480043 0.7190152943348442 0.8660953306769221
 0.3149448241261283 0.1317690797854745 0.1497548644747287 0.6797322498071788 0.1328046464511841 0.1954643616879481 0.6984944264473147 0.2706556689122916 0.09115305727967531 0.4152670361154441 0.386782528439824 0.1590458772739019 0.8537176436756534 0.2513292940855809 0.320925138109408 0.287414008522046 0.7426929261364851 0.9520278253292244 0.2984262102103385 0.1405225575987383 0.9447536228530116 0.2564786552869979 0.879446011687458 0.5749912849610767 0.4204507014789733 0.6029482899578852 0.3559890746725446 0.2822366998360572 0.543798320648648 0.072516968675902 0.648232810561696
 0.9295082096908331 0.7897123631945688 0.4716732467567352 0.07939135603898022 0.659951005285993 0.8993167327665561 0.5726932225433814 0.3919944189455903 0.1447030927272686 0.6170180978265546 0.4046535246933442 0.2604544762830001 0.7571380270774435 0.2567672109388242 0.1057825141120416 0.002204664031043513 0.49227875932463 0.4962377432698467 0.3069599980392748 0.5525288823018024 0.7849869050397188 0.1827760718589533 0.8020988122835935 0.1507393185329388 0.5243214891664759 0.4069718555778918 0.2702800262402892 0.1451325428840142 0.6525370948363658 0.8371985989442371 0.5182163927419972
 0.8981846118493488 0.2887852158205381 0.2045256508260514 0.3796849659671259 0.7224559020634406 0.09996130756199743 0.4713066340811605 0.6572446823777448 0.04763866881692207 0.9027090427989687 0.5254838012405493 0.9035891831897006 0.6909582409343242 0.7219172492583499 0.2081933785125261 0.8243041654968939 0.05918523884049547 0.8929780504654188 0.5293804711293196 0.5541890439927106 0.9103058363009692 0.7148976234726122 0.8803980436080209 0.9957237370178947 0.1386492637852821 0.2477527204971833 0.9437883121748175 0.3848807603339832 0.6362947490444368 0.5558617444757461 0.1664503232376075
 0.301322292385198 0.03297823900831669 0.8981132421240083 0.1574890854363197 0.1923048324063231 0.4902708405354101 0.08694726107520383 0.669146972745456 0.3109791044468259 0.5774740415740408 0.8674223594352432 0.3199821958432285 0.04006353122635457 0.856165687263069 0.7380334106373538 0.8185241317913481 0.40810107103926 0.004611692099853615 0.05872023677739539 0.1113284431989292 0.04626651367597483 0.7750894075731674 0.4899363460903364 0.1255539980793764 0.2056891195852131 0.8951711055063446 0.2426219086670615 0.954313318589143 0.1991285209382812 0.9049018380485271 0.01564004186265426
 0.8818541967881829 0.2424163664042476 0.8005194007200858 0.5452421370032466 0.6176563650324892 0.2559921015072004 0.9825906485129781 0.001154978989716438 0.5737702569992498 0.1840994738875824 0.8262631107625228 0.966978340272601 0.2033345460211776 0.8034598259835499 0.668235506036589 0.4989785141247888 0.3481855212954312 0.198055119540883 0.6870960745861736 0.3508800061911252 0.02542207551800007 0.8441081968407568 0.1838240691247371 0.4900893134716254 0.7780640304618524 0.4958020913943611 0.9442796319954913 0.9845556173538665 0.003359716420693703 0.5252254455773943 0.3595664308483554
